time,x,y,z,phi,theta,psi,x_velocity,y_velocity,z_velocity,phi_velocity,theta_velocity,psi_velocity,rotor_speed1,rotor_speed2,rotor_speed3,rotor_speed4
0.06,6.37546948809e-08,5.28017131836e-07,10.0044068766,0.000422372631552,6.28286415235,0.0,1.63095352634e-05,4.36583594527e-05,0.146887565425,0.0183217247089,-0.0190974925333,0.0,452.6932948366716,451.154325168644,450.3987747136402,451.87779742686706
0.12000000000000001,1.21435475619e-05,1.63529779563e-05,10.0166055505,0.00111445664021,6.28184912003,0.0,0.000498275874068,0.000582750670757,0.259715108675,-0.00766839866778,-0.0128791148958,0.0,441.0755480399781,441.5887857696554,441.71165634827815,439.5634072674751
0.18,7.61433722499e-05,7.50734745026e-05,10.0376294667,0.0006305931473,6.28114633976,0.0,0.00171900750038,0.00132072698788,0.441028948426,-0.00886839556552,-0.0094772453726,0.0,462.5156326855255,462.78356226074,461.54784119273955,461.4532594443303
0.23999999999999996,0.000227018147205,0.000166042619008,10.0686563132,6.28306602347,6.28044394806,0.0,0.00337927504824,0.00164255237858,0.593131972193,-0.0209791274343,-0.0165861780385,0.0,453.35351501485616,452.78216607826556,454.1342207097654,453.16202326305483
0.3,0.000495538659081,0.000256575039455,10.1092108186,6.28174059668,6.27979834245,0.0,0.00566053574497,0.00123101541622,0.758588901071,-0.0244109969747,-0.00110518078044,0.0,456.9053172684882,458.13780500541225,457.78778722226855,457.5146621069106
0.36000000000000004,0.000897351072159,0.000299007116164,10.1553373533,6.28008471866,6.27948484778,0.0,0.00774882160679,4.34772424276e-05,0.77894811195,-0.0348849846723,-0.0150958676814,0.0,411.5314796926174,410.2914674607876,412.4689492202569,411.54275552913015
0.4200000000000001,0.0014384773635,0.000232991762486,10.2040992366,6.2780348257,6.278263203,0.0,0.0103890732106,-0.00244510302249,0.846398911541,-0.03276252311,-0.0338067104745,0.0,426.7726922407019,425.1728085134457,428.1042319630521,428.28423583379845
0.48000000000000015,0.00217928411076,-3.54240031624e-05,10.2593807032,6.27553081504,6.27607856985,0.0,0.0145336101887,-0.00673073622432,0.996195078667,-0.0734885545928,-0.04220464508,0.0,453.9311757027414,453.2562604763665,454.39191969446557,451.1143269590308
0.5400000000000001,0.00322391714339,-0.000632622623933,10.3243082001,6.27091772323,6.27374551954,0.0,0.0205594315768,-0.013681338568,1.16788811677,-0.0847252206978,-0.032957390269,0.0,459.4938181623259,460.2255157690414,460.80523347123017,459.9116996701677
0.6000000000000002,0.0046838096422,-0.00175804390328,10.3997930115,6.26601183497,6.27148434795,0.0,0.0283404913555,-0.0243981513818,1.34806658893,-0.076422017691,-0.0493918471732,0.0,463.1790170597382,461.884182011391,463.20644189914384,463.85373131378185
0.6600000000000003,0.00665989380599,-0.00362832772193,10.4855607339,6.26119948614,6.26893218577,0.0,0.0378304106582,-0.0384622226236,1.51064269267,-0.0891095733334,-0.0314965806748,0.0,456.978264400675,458.40136012948807,459.15046985005216,458.1378515500061
0.7200000000000003,0.00923905902091,-0.00642305155139,10.5797299907,6.25570739947,6.26721377478,0.0,0.0483275460218,-0.0552577412657,1.62815531399,-0.0968852727716,-0.0234657241994,0.0,444.21942949680243,444.8771875592705,445.2837135938969,444.64014258796067
0.7800000000000004,0.0124886949432,-0.0103552523122,10.6813651507,6.25017455581,6.26642571313,0.0,0.0601017527928,-0.0764135087418,1.75946957068,-0.0842155199695,0.00208665071291,0.0,448.3446015630033,450.41576757660505,448.98496043214317,450.00447450424775
0.8400000000000004,0.0164889899431,-0.0157392092245,10.7928170396,6.24538915988,6.26658922239,0.0,0.0732191749192,-0.10361107784,1.95525803615,-0.0720725332959,0.0039726120303,0.0,469.3759424501616,469.52221665982256,468.9328745259168,469.87032328932094
0.9000000000000005,0.0212034758594,-0.022705684492,10.9118895523,6.24072032094,6.26705538248,0.0,0.0838937929579,-0.129028477646,2.01370593526,-0.0929049151768,0.0144484214761,0.0,426.2232042702112,427.1174225439145,429.21431350438303,427.4374365460785
0.9600000000000005,0.0265353865639,-0.0312594728748,11.0337160305,6.23542490244,6.26779165858,0.0,0.0937610286365,-0.156594957262,2.04709355944,-0.0802925889054,0.00751663829454,0.0,419.83648143095564,419.23453931563716,418.9796612181453,420.06764736902795
1.0200000000000005,0.0324740599286,-0.041651195493,11.1593440469,6.23093744061,6.26865111983,0.0,0.104122904581,-0.190255886184,2.14031106463,-0.0655940057424,0.0253031261549,0.0,438.230891894795,439.7067000157551,438.6931802397886,439.90736699625165
1.0800000000000005,0.0390887533641,-0.0544337428045,11.2958812312,6.22673718734,6.27046529129,0.0,0.116144875382,-0.236316287584,2.41036894035,-0.0807279382253,0.0386224771037,0.0,491.9259053952896,492.91134563569267,493.0908306343267,491.96830754111903
1.1400000000000006,0.0462655479562,-0.0695847996296,11.4397691802,6.22170191991,6.27247051347,0.0,0.12289841041,-0.269134779274,2.38592081499,-0.0912202510433,0.020186173839,0.0,402.4676879047906,400.79614451751655,402.46331329162854,401.50590208192534
1.2000000000000006,0.0538614619582,-0.0870625845378,11.5865060879,6.2163182626,6.27431579058,0.0,0.130129164333,-0.314011795398,2.50501390042,-0.086899943753,0.0462344070354,0.0,448.3405343741458,450.45214922734004,448.16106985882794,448.5054201729672
1.2600000000000007,0.0618438691593,-0.107330355219,11.7401419578,6.21116128442,6.27762546277,0.0,0.135628120288,-0.362102062982,2.61589114922,-0.0841149090005,0.0687750022898,0.0,445.2320383981687,447.0742962713524,447.60589203415896,447.8264480315393
1.3200000000000007,0.0700775211816,-0.130524445636,11.8995034617,6.20589561605,6.28150871963,0.0,0.138426083386,-0.411531646786,2.69592749609,-0.0962815226984,0.0550466832829,0.0,437.6005497351479,436.45940497190827,439.1241897310827,438.10718512380794
1.3800000000000008,0.0784047255241,-0.156876581824,12.0647219117,6.19994729429,0.0018128802116,0.0,0.138790857021,-0.467462897329,2.81101648081,-0.105566570086,0.0637467998935,0.0,448.75016560890776,449.4581183309301,450.03576747361234,449.27520547985193
1.4400000000000008,0.0866835022332,-0.186526537422,12.2346434638,6.19430330919,0.00555507616096,0.0,0.136813362061,-0.521415253838,2.85286896029,-0.0775987591818,0.0594647254753,0.0,426.6623125331636,426.299548281226,425.79305544004086,428.1706843970647
1.5000000000000009,0.0947706579312,-0.219554207403,12.4074921156,6.18978098043,0.00915019462089,0.0,0.132415852622,-0.579934825111,2.90855430709,-0.0712565762506,0.0608109712354,0.0,432.06075062678843,432.1768836145062,430.8187822942578,431.3500258632194
1.560000000000001,0.102530011661,-0.256118665711,12.5830219592,6.18539340887,0.0130516962481,0.0,0.125879333813,-0.639274791349,2.94229481599,-0.0771529377506,0.072341463113,0.0,424.4231388969289,425.414913415412,425.0630857160524,424.5530328467005
1.620000000000001,0.109823286258,-0.296317081345,12.7604615831,6.18093630046,0.0170863025774,0.0,0.116842810187,-0.70108444447,2.9722148123,-0.069093868568,0.0543585205999,0.0,424.65858029629334,423.1167233743375,423.63727143819415,424.32505139494356
1.680000000000001,0.116476371944,-0.340456590227,12.9411449869,6.17735789965,0.0207465953203,0.0,0.104584700864,-0.770592901037,3.05028999759,-0.0454127566834,0.0717669845937,0.0,439.24723860486813,440.6911999522729,438.817161670214,440.77584805869907
1.740000000000001,0.122204453072,-0.389389665222,13.1316979209,6.17450378915,0.0247508254522,0.0,0.0858446700551,-0.860786967359,3.30070147635,-0.0522704228803,0.0540748572386,0.0,492.4680829971485,491.1604744651169,493.0873450395727,492.57933681823704
1.8000000000000012,0.126820835797,-0.443336276837,13.332947622,6.17142477454,0.0286381088048,0.0,0.0676684184226,-0.937725517925,3.40723205585,-0.0494756519784,0.0804216470198,0.0,449.97996539475463,452.1106747440228,451.00542473998206,451.2294575659522
1.8600000000000012,0.130291655572,-0.501842397743,13.5394932108,6.16805712156,0.0338392277664,0.0,0.0475383487162,-1.0127657799,3.4773266269,-0.074745643515,0.096933284511,0.0,439.7202007460741,441.0921485266841,441.50596015118083,439.413589777916
1.9200000000000013,0.132445098859,-0.564934210257,13.7503093487,6.16320971935,0.0398138434709,0.0,0.0236708311536,-1.0907272519,3.54954141227,-0.096994386985,0.104396146071,0.0,441.0675422871312,441.69206705916343,443.08582952279176,441.24727653493403
1.9800000000000013,0.133153654065,-0.632488907556,13.9628277939,6.1573054157,0.0457797347277,0.0,-0.000578122522333,-1.1616055781,3.53432974534,-0.101384723095,0.0869853012326,0.0,414.5874709694771,413.06394848039423,413.92167346997354,413.52598100870813
2.0400000000000014,0.131866180568,-0.705595566311,14.1837715069,6.15089012756,0.0508241531572,0.0,-0.0429667136046,-1.27597647653,3.82930333448,-0.121283087649,0.0775055062617,0.0,509.18276084554105,508.50888528544726,509.3480271060524,507.91424382534643
2.1000000000000014,0.128420124796,-0.784409953773,14.4124699374,6.14337368653,0.0559847314164,0.0,-0.0723135404012,-1.35179578323,3.79393420437,-0.134760192073,0.0991163716303,0.0,408.54517405981585,410.47428322972826,410.3916387404835,409.1776319329382
2.1600000000000015,0.122730916329,-0.868870154099,14.6458223283,6.13541432932,0.062026675271,0.0,-0.117981615409,-1.46437429453,3.98356673009,-0.128752586319,0.103687861213,0.0,481.57233615012626,481.9259120075704,480.42513087684404,480.8656943869708
2.2200000000000015,0.114438417293,-0.959612560806,14.886133599,6.12817657489,0.0680558480064,0.0,-0.158999765856,-1.56104795498,4.02642766851,-0.107989027801,0.0931659446879,0.0,438.3785963061205,437.51217055786884,436.9420750426182,438.6561468043302
2.2800000000000016,0.10357212979,-1.05629063956,15.1289793028,6.12144559835,0.0736495237963,0.0,-0.203720819675,-1.66215012694,4.06805060621,-0.122259024648,0.0933515218476,0.0,438.0611429789789,438.08406009641294,439.1110079689172,437.9140009027297
2.3400000000000016,0.0902554925383,-1.15843099046,15.3698086935,6.11388791072,0.0788045395415,0.0,-0.240583131293,-1.74312917374,3.95977961222,-0.134633875802,0.0637670947875,0.0,388.94046330450533,386.1662964895036,388.262097599671,387.08203661517285
2.4000000000000017,0.0742876048612,-1.26633256078,15.6086819136,6.10536537918,0.0828282201233,0.0,-0.292030408252,-1.85433588093,4.00222475615,-0.164042707951,0.0729448345885,0.0,438.91326580315956,439.6777584086055,440.1715778666086,437.7109276932193
2.4600000000000017,0.0549937412561,-1.38142013824,15.8519452192,6.09563895374,0.0870065368257,0.0,-0.351500175263,-1.982846407,4.10580210048,-0.158497132056,0.0620387834805,0.0,459.87312755646434,459.0118509977104,459.38692892167484,459.80240682008633
2.520000000000002,0.0322688052804,-1.5039465933,16.0988883059,6.08666551984,0.0905173637746,0.0,-0.406310818859,-2.10218385106,4.12521821714,-0.135937470452,0.0503233485201,0.0,436.2952598600376,435.318351191269,431.6696984332265,433.54731376153353
2.580000000000002,0.00582510443951,-1.63458482879,16.350876949,6.07911883688,0.0947618535766,0.0,-0.475499753015,-2.2531596717,4.2734418252,-0.110759439644,0.094959891018,0.0,473.5484269973312,476.97292728677877,475.0780160444935,476.99113279185815
2.640000000000002,-0.0245957753739,-1.77385603432,16.6088625584,6.07283514547,0.10109773819,0.0,-0.539082200663,-2.38978461165,4.3255058663,-0.0947978120159,0.121145768675,0.0,446.07483592228647,448.2176647349621,447.73594756289475,449.0232050401463
2.700000000000002,-0.0594575138253,-1.92246156766,16.8746472223,6.06765694536,0.108799260717,0.0,-0.623771230127,-2.56417991927,4.53268599457,-0.0732083714021,0.139854784744,0.0,495.9080086117876,497.29345357821114,495.1097257095746,496.69022789343916
2.760000000000002,-0.0989734624275,-2.08045573592,17.1473461269,6.06335596492,0.117278923172,0.0,-0.694179284068,-2.70266948823,4.55679490186,-0.0687961192804,0.144118725687,0.0,441.8103511680453,442.1805073768673,443.1978330042398,443.55640764028465
2.820000000000002,-0.142822426016,-2.2467512271,17.4210257895,6.05967057383,0.125556816467,0.0,-0.768197016563,-2.84085693331,4.56543656689,-0.0497167398004,0.12135670498,0.0,439.1084478722381,437.2334425401815,438.40695220352967,439.9867327049285
2.880000000000002,-0.191028724746,-2.42100918331,17.6934185378,6.05636768751,0.132636881275,0.0,-0.839273131754,-2.96806197123,4.51419528056,-0.0687127043477,0.110273224497,0.0,419.15574786650575,418.20464508021473,420.93879581562265,419.28907563440544
2.940000000000002,-0.243701427637,-2.6031139345,17.9633275616,6.05237709422,0.138869458376,0.0,-0.917024511717,-3.10248234708,4.48251631564,-0.0624347966412,0.0863103695503,0.0,427.98955319648627,425.9544398432256,425.6458110549834,426.1793056131073
3.000000000000002,-0.301585033126,-2.79408629394,18.2343631233,6.04849338023,0.143781456661,0.0,-1.0128616656,-3.26358356176,4.55126940205,-0.069761029843,0.0710431797436,0.0,460.27511462995534,459.0702033427552,460.4860841055414,459.9031518120122
3.0600000000000023,-0.364680178444,-2.99379927408,18.5052371279,6.04506206689,0.148003935991,0.0,-1.09066378579,-3.39391469796,4.47780782499,-0.0396221275836,0.0690036755452,0.0,414.68592989464156,414.5108761902795,412.4706820194013,415.12143930542845
3.1200000000000023,-0.433037448781,-3.20222923131,18.7750830424,6.04235839357,0.152242450439,0.0,-1.18825577082,-3.55398291679,4.5164791815,-0.0590953641803,0.0737304958369,0.0,450.94327614954784,451.3287288699344,453.732935829376,452.1653958642894
3.1800000000000024,-0.506897008529,-3.41965963473,19.0444575607,6.03896957842,0.156715914095,0.0,-1.27410037863,-3.69407494219,4.46249226397,-0.0517069735236,0.0761619919806,0.0,422.24255867626084,422.4569727570246,422.22311785869454,422.8578025331102
3.2400000000000024,-0.586324927857,-3.64609079272,19.312642137,6.0363477897,0.161492139186,0.0,-1.37388379262,-3.85391383739,4.47647724307,-0.0311881861845,0.085721780257,0.0,446.3025892210735,447.08730851723533,443.9702178884648,445.6496494434138
3.3000000000000025,-0.672096756655,-3.8825741619,19.5831905104,6.03423116967,0.166347609981,0.0,-1.48559219515,-4.02903403919,4.54103250456,-0.0450549666953,0.0690093137346,0.0,463.6453484711926,462.3351572330902,463.8651316491831,462.7742122459222
3.3600000000000025,-0.764572061109,-4.12949407683,19.8570202506,6.03119455856,0.170499652108,0.0,-1.5972443646,-4.20189619173,4.58590926946,-0.0650461445582,0.0695805612691,0.0,459.16182904668665,459.2106135752245,458.7351456042768,457.1430124240277
3.4200000000000026,-0.863434423518,-4.38630086948,20.1312782853,6.02729586362,0.174413408319,0.0,-1.6985005485,-4.3587441805,4.55563487761,-0.0648428688041,0.0546816873843,0.0,437.00585591199035,435.7651164680996,434.59322366369827,434.60705347421026
3.4800000000000026,-0.96857108037,-4.65279945079,20.4043897966,6.02349972355,0.177469149873,0.0,-1.80630371175,-4.52494375634,4.54756917912,-0.0602950492453,0.0421095331088,0.0,444.11618701295413,443.0852448569468,443.8270613912353,444.19731630862196
3.5400000000000027,-1.08037180228,-4.92956509937,20.6777200544,6.02015363886,0.180072517372,0.0,-1.92056973799,-4.700939802,4.56280380487,-0.0479810832121,0.0458330466782,0.0,451.5351538178328,451.8365104020818,453.00461487648835,453.9918175186524
3.6000000000000028,-1.1990529454,-5.21693987166,20.9517613492,6.01745571472,0.183026498043,0.0,-2.03568197151,-4.87853779304,4.57130160462,-0.0395308310989,0.0552861157604,0.0,451.8494259834046,452.6124535257548,450.97306955556365,451.6540952511646
3.660000000000003,-1.32584560043,-5.51667294181,21.2322060098,6.01470379711,0.186195667831,0.0,-2.19088343756,-5.11264889068,4.77514485812,-0.0631963194268,0.0473653671912,0.0,513.7013789833336,513.1407225932273,513.2951516619113,511.6116042606861
3.720000000000003,-1.46038043625,-5.82823569538,21.5163926996,6.01068829257,0.189659981236,0.0,-2.29389560532,-5.27326554654,4.69751040799,-0.0756762606449,0.0730013040924,0.0,427.13285176072344,429.31638589877986,428.24981513785286,427.18309491115605
3.780000000000003,-1.60172998474,-6.15033433748,21.7987092197,6.00606652025,0.194067762254,0.0,-2.41808698595,-5.46380450834,4.71218551247,-0.0798818271848,0.0743703145373,0.0,459.14101938073446,459.25364670288366,459.93878551798247,459.6010235332319
3.840000000000003,-1.75012738921,-6.48330331073,22.0794377805,6.00122548745,0.198192445297,0.0,-2.52885238018,-5.63570608229,4.64501395421,-0.0823371996231,0.0540643205288,0.0,434.91286709892506,433.21194469425063,434.35504155565275,434.14360752427797
3.900000000000003,-1.9056582425,-6.82728226726,22.3580605945,5.99662975788,0.201230926651,0.0,-2.65573303556,-5.83075283325,4.64160971367,-0.067062440933,0.0427269588489,0.0,458.03125278643046,457.13003912475637,454.7336072242794,455.9512482847734
3.960000000000003,-2.06883689635,-7.18305151323,22.6362885175,5.9924069536,0.2033380065,0.0,-2.78372100786,-6.02868848255,4.631899008,-0.0780102112938,0.0120740218074,0.0,456.63720762051094,454.18526271821065,457.26742629381937,456.3905836535616
4.020000000000002,-2.23971929084,-7.55079956963,22.9137919803,5.987556465,0.203939496605,0.0,-2.91237580944,-6.23011533211,4.61746484259,-0.087204641883,0.00557438411856,0.0,457.34708169445355,456.82885921016344,455.75332284753756,455.0125322338707
4.080000000000001,-2.41862141934,-7.93116800611,23.1916586454,5.98228363302,0.203979858972,0.0,-3.05095225906,-6.44936857777,4.64370215109,-0.0892668106177,-0.011585257647,0.0,471.66250070019606,470.3350820154964,471.2196124748621,471.0542057301941
4.14,-2.60540715644,-8.32421338387,23.4689961636,5.97664929763,0.203265458635,0.0,-3.17517486596,-6.65278156469,4.60022875171,-0.105323650713,-0.0125573694947,0.0,451.14588520800373,451.06749327612624,450.81202696244804,449.50488235204995
4.199999999999998,-2.79964888803,-8.72962099357,23.7436620096,5.96989367399,0.202652684024,0.0,-3.29948349439,-6.86151394202,4.5545652981,-0.133940538618,-0.00589398381519,0.0,451.3653360731038,451.9030375167339,452.4119840730534,450.0896935014912
4.259999999999997,-3.00150751711,-9.14796024342,24.016218475,5.96199110681,0.20206914884,0.0,-3.42904755102,-7.083911759,4.52964109591,-0.127588129519,-0.0187705557066,0.0,460.1464537807369,459.12582180393525,460.2878120021256,460.7750995521708
4.319999999999996,-3.21145050916,-9.58031603103,24.288615578,5.95403239099,0.201423988601,0.0,-3.56886167041,-7.32868513744,4.54892184383,-0.145386390588,0.00176779979401,0.0,476.587482632249,478.1551945453067,476.4251454098435,475.04684875144113
4.379999999999995,-3.4283334058,-10.0252573712,24.555323772,5.94538929654,0.201942058787,0.0,-3.66076925262,-7.50368191809,4.34139040712,-0.141510240775,0.0196910988018,0.0,401.6332244482573,403.25599412898123,400.0840843674931,400.4150723716058
4.439999999999993,-3.65126348493,-10.4816919124,24.8118294383,5.9371354399,0.203100702649,0.0,-3.77038932786,-7.71171685838,4.20826782628,-0.130661396721,0.0185389962553,0.0,428.19766130586106,428.09958266277573,428.7022443440527,429.6050099315043
4.499999999999992,-3.8812162008,-10.9514743967,25.0621248424,5.93040532407,0.204836065569,0.0,-3.89481554856,-7.94849911321,4.13398574442,-0.0893979856436,0.0442001734842,0.0,448.4308365836295,450.5113093304522,449.5326371377188,452.85278968321995
4.559999999999991,-4.11841338197,-11.4351967773,25.306639731,5.92479231469,0.207708846212,0.0,-4.01201992034,-8.17636537783,4.01588673601,-0.10350614748,0.0543738997416,0.0,437.3218682011965,438.17013448202266,437.42060591358893,436.2360979915187
4.6199999999999894,-4.36254807737,-11.9325037075,25.543269854,5.91833387372,0.210954767111,0.0,-4.1261119329,-8.40140277365,3.87121201428,-0.117543687709,0.0535427045951,0.0,429.2993649366446,429.230862457308,430.29120709506395,429.0900623393841
4.679999999999988,-4.61365443175,-12.4436003335,25.7713771826,5.91120927457,0.214138561438,0.0,-4.24438864676,-8.63605889961,3.73164085624,-0.121254968944,0.052087018524,0.0,432.42860109961185,432.3078511194698,433.3816042421138,433.05636363802296
4.739999999999987,-4.87099279379,-12.9674196323,25.9870208451,5.90389302845,0.21697130261,0.0,-4.33396613743,-8.8257200452,3.45661512252,-0.123337103555,0.0350470978097,0.0,384.4790306077416,382.8622886771928,383.1459778846109,382.9318354617618
4.799999999999986,-5.13493308815,-13.5047820542,26.1910107654,5.8960534622,0.218901635532,0.0,-4.46421382975,-9.08729882823,3.34200577821,-0.152248733912,0.0256947576044,0.0,443.70728898260364,442.9389852638533,444.5739509568353,442.181568918817
4.859999999999984,-5.40673963894,-14.0580715823,26.3879895841,5.88692391154,0.220322457084,0.0,-4.59611775058,-9.35670722409,3.2227562634,-0.151980888834,0.0193126299457,0.0,444.30658333043795,443.7829369203134,444.67996992807423,444.68011413402394
4.919999999999983,-5.68581640637,-14.6265846242,26.5748331697,5.87757790356,0.221327446238,0.0,-4.7066566071,-9.59490895223,3.00477598213,-0.16466919152,0.0110564909693,0.0,411.90767497252585,411.17659543002924,411.5069409713976,410.3565250789655
4.979999999999982,-5.9722166705,-15.2107764799,26.7511220867,5.86751454355,0.222151364222,0.0,-4.84007549257,-9.87926029838,2.87019061115,-0.174650480534,0.0186076149824,0.0,443.9685180497002,444.5877164739937,443.1563571271684,442.3077420122036
5.0399999999999805,-6.26660867634,-15.8122087813,26.9189520313,5.85667873301,0.223236153209,0.0,-4.9730675481,-10.1696303895,2.72272057122,-0.196414715886,0.0170028315605,0.0,442.5152554766923,442.3830289608226,442.9627440396617,441.1364693785208
